m    refMin    absMin    inputs    outputs    Size_SH1    Size_SH2    Size_SH3    Size_H1    Size_H2    Size_H3    Total_SH1    Total_SH2    Total_SH3    Total_H1    Total_H2    Total_H3    Impr_SH1    Impr_SH2    Impr_SH3    ImprLength_SH1    ImprLength_SH2    ImprLength_SH3    timeSH1    timeSH2    timeSH3
0    10    4    4    8    41    37    35    51    44    41    155    194    187    192    245    231    19.61    15.91    14.63    19.27    20.82    19.05    1    252    337
0    20    4    4    8    95    80    76    122    92    85    421    504    480    542    624    580    22.13    13.04    10.59    22.32    19.23    17.24    104    1294    1819
0    30    4    4    8    137    115    109    201    143    130    659    770    729    975    1069    988    31.84    19.58    16.15    32.41    27.97    26.21    229    2440    3452
0    40    4    4    8    206    160    153    282    192    174    1057    1153    1110    1458    1530    1409    26.95    16.67    12.07    27.5    24.64    21.22    475    4988    7154
0    50    4    4    8    253    192    183    357    246    226    1360    1457    1395    1939    2021    1874    29.13    21.95    19.03    29.86    27.91    25.56    694    7504    1.075e+04
0    60    4    4    8    348    241    230    460    287    260    1944    1960    1869    2595    2505    2292    24.35    16.03    11.54    25.09    21.76    18.46    1129    1.263e+04    1.838e+04
0    70    4    4    8    381    279    265    555    349    320    2158    2241    2113    3177    3057    2834    31.35    20.06    17.19    32.07    26.69    25.44    1503    1.431e+04    2.034e+04
0    80    4    4    8    381    305    292    640    431    402    2136    2309    2196    3640    3694    3443    40.47    29.23    27.36    41.32    37.49    36.22    1781    1.442e+04    2.042e+04
0    90    4    4    8    490    358    341    723    460    420    2888    2980    2830    4322    4184    3854    32.23    22.17    18.81    33.18    28.78    26.57    2523    2.406e+04    3.39e+04
0    100    4    4    8    514    337    329    864    614    569    2988    2676    2604    5088    4993    4674    40.51    45.11    42.18    41.27    46.4    44.29    2956    2.128e+04    3.044e+04
