m    refMin    absMin    inputs    outputs    Size_SH1    Size_SH2    Size_SH3    Size_H1    Size_H2    Size_H3    Total_SH1    Total_SH2    Total_SH3    Total_H1    Total_H2    Total_H3    Impr_SH1    Impr_SH2    Impr_SH3    ImprLength_SH1    ImprLength_SH2    ImprLength_SH3    timeSH1    timeSH2    timeSH3
0    10    4    4    8    41    37    35    51    44    41    155    194    187    192    245    231    19.61    15.91    14.63    19.27    20.82    19.05    1    252    337
0    11    4    4    8    46    40    38    58    47    44    177    216    208    222    273    255    20.69    14.89    13.64    20.27    20.88    18.43    3    302    410
0    12    4    4    8    52    44    42    65    52    48    203    244    235    258    312    294    20    15.38    12.5    21.32    21.79    20.07    35    374    492
0    13    4    4    8    58    52    49    72    58    53    233    290    278    290    350    328    19.44    10.34    7.547    19.66    17.14    15.24    12    506    683
0    14    4    4    8    63    55    52    79    62    57    258    317    301    326    391    364    20.25    11.29    8.772    20.86    18.93    17.31    67    555    768
0    15    4    4    8    66    58    55    86    70    64    275    335    319    358    435    407    23.26    17.14    14.06    23.18    22.99    21.62    71    596    832
0    16    4    4    8    71    57    55    93    77    72    300    341    328    394    465    440    23.66    25.97    23.61    23.86    26.67    25.45    63    727    1029
0    17    4    4    8    80    63    60    102    84    78    346    393    372    438    519    488    21.57    25    23.08    21    24.28    23.77    96    915    1353
0    18    4    4    8    87    66    62    109    89    84    375    413    390    474    547    523    20.18    25.84    26.19    20.89    24.5    25.43    78    1021    1426
0    19    4    4    8    91    74    70    113    89    81    400    466    440    496    589    542    19.47    16.85    13.58    19.35    20.88    18.82    88    1112    1568
0    20    4    4    8    95    80    76    122    92    85    421    504    480    542    624    580    22.13    13.04    10.59    22.32    19.23    17.24    104    1294    1819
0    21    4    4    8    94    82    78    133    100    93    417    497    477    592    677    634    29.32    18    16.13    29.56    26.59    24.76    108    1158    1613
0    22    4    4    8    104    87    83    138    104    95    474    560    535    631    720    671    24.64    16.35    12.63    24.88    22.22    20.27    127    1519    2154
0    23    4    4    8    119    96    91    147    106    98    552    633    601    682    739    692    19.05    9.434    7.143    19.06    14.34    13.15    174    1856    2631
0    24    4    4    8    108    89    84    153    112    103    498    578    551    709    796    743    29.41    20.54    18.45    29.76    27.39    25.84    140    1658    2310
0    25    4    4    8    123    101    96    161    115    106    578    670    631    758    825    768    23.6    12.17    9.434    23.75    18.79    17.84    203    2003    2833
0    26    4    4    8    120    98    93    171    121    111    559    631    606    801    880    819    29.82    19.01    16.22    30.21    28.3    26.01    159    1699    2381
0    27    4    4    8    124    102    96    177    124    114    581    670    640    837    918    855    29.94    17.74    15.79    30.59    27.02    25.15    217    1987    2793
0    28    4    4    8    140    109    104    187    134    125    670    734    701    900    967    908    25.13    18.66    16.8    25.56    24.1    22.8    248    2447    3492
0    29    4    4    8    138    116    111    194    140    127    666    767    731    942    1035    956    28.87    17.14    12.6    29.3    25.89    23.54    245    2431    3431
0    30    4    4    8    137    115    109    201    143    130    659    770    729    975    1069    988    31.84    19.58    16.15    32.41    27.97    26.21    229    2440    3452
0    31    4    4    8    158    112    108    203    156    147    777    785    760    1002    1093    1035    22.17    28.21    26.53    22.46    28.18    26.57    269    3146    4564
0    32    4    4    8    153    123    119    219    150    137    741    821    800    1066    1127    1055    30.14    18    13.14    30.49    27.15    24.17    305    2815    3985
0    33    4    4    8    148    126    120    228    162    147    716    838    800    1111    1215    1124    35.09    22.22    18.37    35.55    31.03    28.83    272    2675    3709
0    34    4    4    8    152    129    121    233    166    152    739    852    808    1145    1243    1155    34.76    22.29    20.39    35.46    31.46    30.04    296    2851    3926
0    35    4    4    8    171    131    126    239    173    162    853    926    889    1198    1303    1222    28.45    24.28    22.22    28.8    28.93    27.25    334    3566    5068
0    36    4    4    8    163    135    129    252    185    171    806    910    868    1257    1390    1290    35.32    27.03    24.56    35.88    34.53    32.71    319    3151    4404
0    37    4    4    8    173    143    135    263    179    166    858    973    924    1319    1380    1292    34.22    20.11    18.67    34.95    29.49    28.48    382    3399    4720
0    38    4    4    8    182    148    142    271    186    174    907    1025    981    1363    1438    1349    32.84    20.43    18.39    33.46    28.72    27.28    361    3668    5226
0    39    4    4    8    180    152    145    276    194    177    909    1047    995    1404    1500    1385    34.78    21.65    18.08    35.26    30.2    28.16    423    3942    5469
0    40    4    4    8    206    160    153    282    192    174    1057    1153    1110    1458    1530    1409    26.95    16.67    12.07    27.5    24.64    21.22    475    4988    7154
0    41    4    4    8    200    160    154    292    200    184    1026    1143    1097    1507    1595    1478    31.51    20    16.3    31.92    28.34    25.78    458    4667    6669
0    42    4    4    8    190    159    151    296    210    192    969    1104    1056    1524    1649    1526    35.81    24.29    21.35    36.42    33.05    30.8    446    4437    6167
0    43    4    4    8    196    162    155    307    212    195    998    1123    1077    1588    1685    1564    36.16    23.58    20.51    37.15    33.35    31.14    474    4376    6114
0    44    4    4    8    216    173    164    307    210    190    1134    1252    1186    1627    1694    1559    29.64    17.62    13.68    30.3    26.09    23.93    521    5707    8110
0    45    4    4    8    210    174    166    330    221    202    1068    1214    1157    1698    1763    1628    36.36    21.27    17.82    37.1    31.14    28.93    552    4809    6746
0    46    4    4    8    237    177    169    327    228    214    1262    1332    1274    1754    1827    1711    27.52    22.37    21.03    28.05    27.09    25.54    609    6612    9496
0    47    4    4    8    216    179    171    344    237    218    1114    1262    1210    1793    1910    1774    37.21    24.47    21.56    37.87    33.93    31.79    577    5160    7434
0    48    4    4    8    229    197    188    352    240    221    1197    1403    1325    1854    1928    1792    34.94    17.92    14.93    35.44    27.23    26.06    618    6129    8624
0    49    4    4    8    236    190    182    365    245    223    1235    1365    1301    1935    1985    1828    35.34    22.45    18.39    36.18    31.23    28.83    636    5988    8440
0    50    4    4    8    253    192    183    357    246    226    1360    1457    1395    1939    2021    1874    29.13    21.95    19.03    29.86    27.91    25.56    694    7504    1.075e+04
0    51    4    4    8    272    187    180    368    266    248    1457    1410    1348    1992    2037    1912    26.09    29.7    27.42    26.86    30.78    29.5    763    7945    1.154e+04
0    52    4    4    8    244    201    195    384    264    241    1294    1447    1391    2062    2146    1985    36.46    23.86    19.09    37.25    32.57    29.92    746    6823    9549
0    53    4    4    8    250    200    195    398    279    264    1313    1418    1374    2112    2212    2088    37.19    28.32    26.14    37.83    35.9    34.2    750    6635    9527
0    54    4    4    8    258    210    203    413    265    244    1357    1497    1438    2192    2193    2041    37.53    20.75    16.8    38.09    31.74    29.54    795    6860    9707
0    55    4    4    8    272    217    209    422    282    263    1452    1589    1524    2283    2329    2173    35.55    23.05    20.53    36.4    31.77    29.87    799    7479    1.048e+04
0    56    4    4    8    264    213    205    425    285    262    1402    1564    1499    2287    2362    2192    37.88    25.26    21.76    38.7    33.78    31.61    835    7376    1.051e+04
0    57    4    4    8    273    225    218    437    293    277    1450    1623    1555    2348    2415    2270    37.53    23.21    21.3    38.25    32.8    31.5    887    7517    1.064e+04
0    58    4    4    8    282    204    194    448    341    317    1512    1518    1452    2429    2587    2423    37.05    40.18    38.8    37.75    41.32    40.07    915    8154    1.167e+04
0    59    4    4    8    285    231    223    456    301    279    1534    1721    1642    2492    2528    2353    37.5    23.26    20.07    38.44    31.92    30.22    958    8626    1.208e+04
0    60    4    4    8    348    241    230    460    287    260    1944    1960    1869    2595    2505    2292    24.35    16.03    11.54    25.09    21.76    18.46    1129    1.263e+04    1.838e+04
0    61    4    4    8    325    240    223    459    302    271    1799    1893    1769    2568    2601    2366    29.19    20.53    17.71    29.95    27.22    25.23    1123    1.148e+04    1.644e+04
0    62    4    4    8    327    248    239    478    315    289    1803    1922    1838    2665    2685    2475    31.59    21.27    17.3    32.35    28.42    25.74    1133    1.137e+04    1.608e+04
0    63    4    4    8    326    248    236    498    318    294    1800    1910    1802    2781    2718    2519    34.54    22.01    19.73    35.28    29.73    28.46    1136    1.055e+04    1.482e+04
0    64    4    4    8    316    250    242    492    321    294    1744    1901    1828    2748    2749    2543    35.77    22.12    17.69    36.54    30.85    28.12    1208    1.076e+04    1.519e+04
0    65    4    4    8    361    235    227    509    357    329    2026    1865    1802    2890    2870    2673    29.08    34.17    31    29.9    35.02    32.59    1299    1.262e+04    1.813e+04
0    66    4    4    8    321    261    249    516    342    313    1768    1976    1875    2878    2917    2685    37.79    23.68    20.45    38.57    32.26    30.17    1234    1.053e+04    1.492e+04
0    67    4    4    8    404    261    251    534    333    313    2304    2140    2056    3079    2878    2705    24.34    21.62    19.81    25.17    25.64    23.99    1423    1.496e+04    2.171e+04
0    68    4    4    8    332    277    268    539    354    326    1817    2074    1969    2994    3004    2776    38.4    21.75    17.79    39.31    30.96    29.07    1283    1.103e+04    1.528e+04
0    69    4    4    8    325    268    255    533    356    328    1788    2011    1902    2977    3056    2829    39.02    24.72    22.26    39.94    34.2    32.77    1362    1.147e+04    1.579e+04
0    70    4    4    8    381    279    265    555    349    320    2158    2241    2113    3177    3057    2834    31.35    20.06    17.19    32.07    26.69    25.44    1503    1.431e+04    2.034e+04
0    71    4    4    8    346    287    273    565    362    333    1912    2150    2035    3170    3139    2898    38.76    20.72    18.02    39.68    31.51    29.78    1432    1.196e+04    1.669e+04
0    72    4    4    8    364    301    287    581    367    341    2015    2267    2154    3253    3184    2973    37.35    17.98    15.84    38.06    28.8    27.55    1477    1.246e+04    1.773e+04
0    73    4    4    8    357    294    279    559    383    353    2021    2304    2144    3206    3308    3044    36.14    23.24    20.96    36.96    30.35    29.57    1540    1.435e+04    2.032e+04
0    74    4    4    8    352    305    287    575    381    349    1984    2327    2181    3281    3335    3081    38.78    19.95    17.77    39.53    30.22    29.21    1569    1.364e+04    1.91e+04
0    75    4    4    8    357    301    290    587    393    366    1986    2239    2133    3321    3381    3145    39.18    23.41    20.77    40.2    33.78    32.18    1541    1.3e+04    1.879e+04
0    76    4    4    8    382    318    303    624    397    364    2135    2422    2288    3532    3443    3181    38.78    19.9    16.76    39.55    29.65    28.07    1662    1.375e+04    1.937e+04
0    77    4    4    8    378    314    299    624    396    364    2117    2390    2258    3541    3480    3215    39.42    20.71    17.86    40.21    31.32    29.77    1704    1.413e+04    1.912e+04
0    78    4    4    8    401    308    291    634    401    371    2259    2378    2249    3614    3508    3262    36.75    23.19    21.56    37.49    32.21    31.05    1761    1.501e+04    2.15e+04
0    79    4    4    8    407    314    299    638    407    374    2322    2479    2343    3690    3604    3323    36.21    22.85    20.05    37.07    31.22    29.49    1838    1.621e+04    2.266e+04
0    80    4    4    8    381    305    292    640    431    402    2136    2309    2196    3640    3694    3443    40.47    29.23    27.36    41.32    37.49    36.22    1781    1.442e+04    2.042e+04
0    81    4    4    8    388    319    303    651    433    399    2202    2448    2327    3755    3815    3534    40.4    26.33    24.06    41.36    35.83    34.15    1902    1.504e+04    2.153e+04
0    82    4    4    8    406    331    317    666    429    398    2309    2566    2444    3851    3819    3563    39.04    22.84    20.35    40.04    32.81    31.41    1903    1.597e+04    2.186e+04
0    83    4    4    8    413    341    324    685    430    391    2336    2610    2475    3922    3804    3482    39.71    20.7    17.14    40.44    31.39    28.92    2010    1.588e+04    2.231e+04
0    84    4    4    8    401    324    310    677    466    439    2283    2509    2377    3917    4000    3754    40.77    30.47    29.38    41.72    37.27    36.68    2015    1.565e+04    2.227e+04
0    85    4    4    8    397    326    316    670    446    410    2257    2504    2415    3869    3908    3620    40.75    26.91    22.93    41.66    35.93    33.29    2021    1.611e+04    2.301e+04
0    86    4    4    8    415    342    329    695    454    412    2382    2668    2551    4050    4068    3720    40.29    24.67    20.15    41.19    34.41    31.42    2119    1.714e+04    2.409e+04
0    87    4    4    8    407    344    330    694    456    420    2314    2637    2517    4006    4036    3733    41.35    24.56    21.43    42.24    34.66    32.57    2124    1.7e+04    2.442e+04
0    88    4    4    8    417    345    323    703    461    424    2387    2648    2465    4092    4069    3749    40.68    25.16    23.82    41.67    34.92    34.25    2268    1.796e+04    2.435e+04
0    89    4    4    8    454    345    334    719    482    448    2641    2774    2662    4243    4234    3940    36.86    28.42    25.45    37.76    34.48    32.44    2369    1.938e+04    2.784e+04
0    90    4    4    8    490    358    341    723    460    420    2888    2980    2830    4322    4184    3854    32.23    22.17    18.81    33.18    28.78    26.57    2523    2.406e+04    3.39e+04
0    91    4    4    8    436    372    356    737    479    442    2518    2883    2733    4334    4336    4012    40.84    22.34    19.46    41.9    33.51    31.88    2401    1.856e+04    2.631e+04
0    92    4    4    8    544    370    349    751    468    428    3265    3170    2997    4563    4302    3926    27.56    20.94    18.46    28.45    26.31    23.66    2693    2.704e+04    3.847e+04
0    93    4    4    8    449    361    349    758    492    459    2592    2860    2740    4450    4438    4150    40.77    26.63    23.97    41.75    35.56    33.98    2459    1.911e+04    2.713e+04
0    94    4    4    8    512    373    360    772    498    461    3053    3105    2972    4656    4535    4200    33.68    25.1    21.91    34.43    31.53    29.24    2696    2.388e+04    3.378e+04
0    95    4    4    8    471    384    376    783    510    476    2730    2996    2901    4607    4554    4233    39.85    24.71    21.01    40.74    34.21    31.47    2693    2.032e+04    2.864e+04
0    96    4    4    8    478    380    358    800    514    470    2772    3041    2813    4715    4660    4279    40.25    26.07    23.83    41.21    34.74    34.26    2601    2.044e+04    2.892e+04
0    97    4    4    8    503    384    367    810    514    474    2956    3093    2941    4818    4673    4298    37.9    25.29    22.57    38.65    33.81    31.57    2771    2.264e+04    3.179e+04
0    98    4    4    8    489    398    380    798    527    476    2901    3195    3021    4801    4793    4372    38.72    24.48    20.17    39.58    33.34    30.9    2791    2.348e+04    3.293e+04
0    99    4    4    8    497    391    377    828    530    498    2883    3081    2939    4875    4786    4481    39.98    26.23    24.3    40.86    35.62    34.41    2832    2.117e+04    2.997e+04
0    100    4    4    8    514    337    329    864    614    569    2988    2676    2604    5088    4993    4674    40.51    45.11    42.18    41.27    46.4    44.29    2956    2.128e+04    3.044e+04
