m    refMin    absMin    inputs    outputs    Size_SH1    Size_SH2    Size_SH3    Size_H1    Size_H2    Size_H3    Total_SH1    Total_SH2    Total_SH3    Total_H1    Total_H2    Total_H3    Impr_SH1    Impr_SH2    Impr_SH3    ImprLength_SH1    ImprLength_SH2    ImprLength_SH3    timeSH1    timeSH2    timeSH3
0    10    4    4    8    48    41    37    53    44    41    179    223    207    199    251    238    9.434    6.818    9.756    10.05    11.16    13.03    33    329    461
0    20    4    4    8    114    88    80    129    98    90    495    574    533    560    655    614    11.63    10.2    11.11    11.61    12.37    13.19    140    1621    2342
0    30    4    4    8    185    135    124    211    151    141    864    951    888    987    1091    1031    12.32    10.6    12.06    12.46    12.83    13.87    280    4100    5956
0    40    4    4    8    264    191    174    299    208    196    1287    1403    1295    1459    1576    1482    11.71    8.173    11.22    11.79    10.98    12.62    530    7783    1.121e+04
0    50    4    4    8    338    243    223    389    270    253    1718    1848    1717    1979    2132    1999    13.11    10    11.86    13.19    13.32    14.11    816    1.21e+04    1.787e+04
0    60    4    4    8    408    296    271    479    326    307    2126    2296    2116    2498    2641    2472    14.82    9.202    11.73    14.89    13.06    14.4    1237    1.79e+04    2.618e+04
0    70    4    4    8    504    349    322    578    389    366    2688    2823    2607    3090    3251    3039    12.8    10.28    12.02    13.01    13.17    14.22    1705    2.456e+04    3.539e+04
0    80    4    4    8    591    412    379    675    447    422    3215    3393    3122    3671    3809    3567    12.44    7.83    10.19    12.42    10.92    12.48    2168    3.207e+04    4.62e+04
0    90    4    4    8    674    461    426    775    506    481    3714    3836    3542    4277    4343    4093    13.03    8.893    11.43    13.16    11.67    13.46    2787    3.985e+04    5.734e+04
0    100    4    4    8    762    518    481    880    570    542    4272    4394    4066    4934    5015    4714    13.41    9.123    11.25    13.42    12.38    13.75    3433    4.825e+04    6.87e+04
