m    refMin    absMin    inputs    outputs    Size_SH1    Size_SH2    Size_SH3    Size_H1    Size_H2    Size_H3    Total_SH1    Total_SH2    Total_SH3    Total_H1    Total_H2    Total_H3    Impr_SH1    Impr_SH2    Impr_SH3    ImprLength_SH1    ImprLength_SH2    ImprLength_SH3    timeSH1    timeSH2    timeSH3
0    10    4    4    8    48    41    37    53    44    41    179    223    207    199    251    238    9.434    6.818    9.756    10.05    11.16    13.03    33    329    461
0    11    4    4    8    55    45    41    61    49    46    210    258    243    234    287    272    9.836    8.163    10.87    10.26    10.1    10.66    24    400    541
0    12    4    4    8    62    50    46    69    55    51    243    292    277    269    326    311    10.14    9.091    9.804    9.665    10.43    10.93    61    535    762
0    13    4    4    8    67    55    51    76    61    57    265    325    301    301    369    347    11.84    9.836    10.53    11.96    11.92    13.26    36    635    889
0    14    4    4    8    74    59    54    83    67    62    299    358    333    337    411    387    10.84    11.94    12.9    11.28    12.9    13.95    71    760    1062
0    15    4    4    8    80    65    59    92    71    66    326    395    367    374    451    427    13.04    8.451    10.61    12.83    12.42    14.05    73    825    1166
0    16    4    4    8    89    70    64    98    76    70    367    435    407    407    483    457    9.184    7.895    8.571    9.828    9.938    10.94    94    1018    1445
0    17    4    4    8    93    73    67    106    81    75    391    455    424    443    518    489    12.26    9.877    10.67    11.74    12.16    13.29    111    1160    1650
0    18    4    4    8    100    79    71    113    87    81    424    497    459    480    563    531    11.5    9.195    12.35    11.67    11.72    13.56    119    1281    1820
0    19    4    4    8    106    82    75    120    91    84    453    525    488    514    599    563    11.67    9.89    10.71    11.87    12.35    13.32    128    1464    2085
0    20    4    4    8    114    88    80    129    98    90    495    574    533    560    655    614    11.63    10.2    11.11    11.61    12.37    13.19    140    1621    2342
0    21    4    4    8    123    95    87    136    102    95    540    621    575    595    694    651    9.559    6.863    8.421    9.244    10.52    11.67    161    1910    2705
0    22    4    4    8    127    100    90    145    109    102    558    658    607    638    744    703    12.41    8.257    11.76    12.54    11.56    13.66    180    2112    3029
0    23    4    4    8    138    104    94    153    114    106    611    694    644    680    779    732    9.804    8.772    11.32    10.15    10.91    12.02    151    2231    3192
0    24    4    4    8    141    106    96    160    117    110    634    713    661    719    810    768    11.88    9.402    12.73    11.82    11.98    13.93    204    2464    3518
0    25    4    4    8    152    113    103    170    125    117    683    768    714    765    867    816    10.59    9.6    11.97    10.72    11.42    12.5    224    2727    3885
0    26    4    4    8    159    117    106    179    129    121    723    797    738    811    902    849    11.17    9.302    12.4    10.85    11.64    13.07    244    3065    4362
0    27    4    4    8    168    123    111    188    136    126    769    858    792    860    964    903    10.64    9.559    11.9    10.58    11    12.29    263    3372    4883
0    28    4    4    8    170    127    116    195    141    132    785    884    822    900    1003    950    12.82    9.929    12.12    12.78    11.86    13.47    272    3559    5156
0    29    4    4    8    178    133    121    202    146    136    828    932    865    935    1056    991    11.88    8.904    11.03    11.44    11.74    12.71    276    3907    5561
0    30    4    4    8    185    135    124    211    151    141    864    951    888    987    1091    1031    12.32    10.6    12.06    12.46    12.83    13.87    280    4100    5956
0    31    4    4    8    194    142    130    221    158    148    912    1005    932    1037    1157    1088    12.22    10.13    12.16    12.05    13.14    14.34    325    4422    6420
0    32    4    4    8    200    146    134    229    163    152    943    1035    963    1080    1190    1123    12.66    10.43    11.84    12.69    13.03    14.25    349    4845    7011
0    33    4    4    8    208    154    139    234    169    158    985    1095    1009    1109    1233    1161    11.11    8.876    12.03    11.18    11.19    13.09    367    5058    7328
0    34    4    4    8    214    159    145    245    175    164    1019    1129    1048    1168    1301    1227    12.65    9.143    11.59    12.76    13.22    14.59    382    5383    7762
0    35    4    4    8    223    163    149    255    181    169    1069    1173    1084    1220    1344    1258    12.55    9.945    11.83    12.38    12.72    13.83    415    5770    8344
0    36    4    4    8    231    165    151    261    184    173    1109    1206    1116    1255    1383    1299    11.49    10.33    12.72    11.63    12.8    14.09    427    5939    8586
0    37    4    4    8    237    174    160    273    191    179    1145    1257    1168    1321    1433    1351    13.19    8.901    10.61    13.32    12.28    13.55    457    6402    9158
0    38    4    4    8    243    180    164    281    201    187    1180    1310    1216    1365    1527    1427    13.52    10.45    12.3    13.55    14.21    14.79    485    6713    9779
0    39    4    4    8    251    184    167    287    203    189    1225    1348    1244    1402    1547    1451    12.54    9.36    11.64    12.62    12.86    14.27    506    7276    1.059e+04
0    40    4    4    8    264    191    174    299    208    196    1287    1403    1295    1459    1576    1482    11.71    8.173    11.22    11.79    10.98    12.62    530    7783    1.121e+04
0    41    4    4    8    272    199    180    306    216    201    1335    1458    1341    1508    1645    1532    11.11    7.87    10.45    11.47    11.37    12.47    564    8059    1.168e+04
0    42    4    4    8    270    201    182    314    226    211    1334    1469    1354    1552    1737    1628    14.01    11.06    13.74    14.05    15.43    16.83    578    8413    1.214e+04
0    43    4    4    8    283    204    188    322    227    212    1404    1519    1415    1600    1735    1627    12.11    10.13    11.32    12.25    12.45    13.03    616    9012    1.3e+04
0    44    4    4    8    293    208    191    332    230    216    1466    1564    1453    1659    1772    1664    11.75    9.565    11.57    11.63    11.74    12.68    625    9334    1.367e+04
0    45    4    4    8    302    217    197    341    235    222    1507    1631    1502    1704    1840    1733    11.44    7.66    11.26    11.56    11.36    13.33    700    1.01e+04    1.445e+04
0    46    4    4    8    308    218    199    351    241    225    1549    1650    1527    1766    1884    1762    12.25    9.544    11.56    12.29    12.42    13.34    701    1.012e+04    1.492e+04
0    47    4    4    8    316    225    207    359    250    234    1587    1699    1575    1804    1947    1826    11.98    10    11.54    12.03    12.74    13.75    704    1.05e+04    1.548e+04
0    48    4    4    8    321    231    212    370    255    240    1619    1760    1636    1866    2009    1897    13.24    9.412    11.67    13.24    12.39    13.76    745    1.1e+04    1.618e+04
0    49    4    4    8    327    233    214    379    262    245    1650    1782    1656    1910    2066    1935    13.72    11.07    12.65    13.61    13.75    14.42    778    1.159e+04    1.671e+04
0    50    4    4    8    338    243    223    389    270    253    1718    1848    1717    1979    2132    1999    13.11    10    11.86    13.19    13.32    14.11    816    1.21e+04    1.787e+04
0    51    4    4    8    347    249    227    397    275    258    1762    1917    1769    2015    2181    2038    12.59    9.455    12.02    12.56    12.1    13.2    833    1.276e+04    1.862e+04
0    52    4    4    8    354    251    230    407    278    261    1808    1929    1782    2079    2209    2073    13.02    9.712    11.88    13.04    12.68    14.04    910    1.333e+04    1.92e+04
0    53    4    4    8    366    264    239    417    287    269    1873    2027    1852    2129    2279    2125    12.23    8.014    11.15    12.02    11.06    12.85    925    1.389e+04    2.03e+04
0    54    4    4    8    371    260    239    425    287    271    1900    2006    1859    2181    2289    2150    12.71    9.408    11.81    12.88    12.36    13.53    997    1.474e+04    2.105e+04
0    55    4    4    8    374    270    247    434    299    280    1931    2103    1939    2239    2413    2264    13.82    9.699    11.79    13.76    12.85    14.36    1014    1.486e+04    2.187e+04
0    56    4    4    8    387    277    254    445    297    281    1996    2147    1982    2295    2389    2253    13.03    6.734    9.609    13.03    10.13    12.03    1034    1.57e+04    2.269e+04
0    57    4    4    8    397    279    257    453    306    287    2052    2170    2013    2340    2456    2308    12.36    8.824    10.45    12.31    11.64    12.78    1075    1.628e+04    2.373e+04
0    58    4    4    8    396    283    261    463    319    300    2055    2202    2043    2406    2574    2408    14.47    11.29    13    14.59    14.45    15.16    1157    1.694e+04    2.48e+04
0    59    4    4    8    411    291    267    472    323    303    2135    2272    2094    2454    2610    2436    12.92    9.907    11.88    13    12.95    14.04    1154    1.764e+04    2.538e+04
0    60    4    4    8    408    296    271    479    326    307    2126    2296    2116    2498    2641    2472    14.82    9.202    11.73    14.89    13.06    14.4    1237    1.79e+04    2.618e+04
0    61    4    4    8    430    304    279    492    334    314    2253    2418    2234    2579    2737    2562    12.6    8.982    11.15    12.64    11.66    12.8    1272    1.883e+04    2.743e+04
0    62    4    4    8    436    310    284    504    339    319    2283    2438    2245    2639    2781    2603    13.49    8.555    10.97    13.49    12.33    13.75    1295    1.939e+04    2.823e+04
0    63    4    4    8    450    317    292    512    340    322    2362    2510    2313    2690    2783    2627    12.11    6.765    9.317    12.19    9.81    11.95    1385    2.058e+04    2.884e+04
0    64    4    4    8    450    314    287    520    347    326    2381    2504    2309    2753    2858    2678    13.46    9.51    11.96    13.51    12.39    13.78    1453    2.072e+04    2.994e+04
0    65    4    4    8    456    323    296    528    357    336    2408    2545    2342    2789    2909    2723    13.64    9.524    11.9    13.66    12.51    13.99    1454    2.134e+04    3.04e+04
0    66    4    4    8    471    331    302    539    361    340    2493    2645    2427    2855    2990    2798    12.62    8.31    11.18    12.68    11.54    13.26    1461    2.165e+04    3.16e+04
0    67    4    4    8    473    333    307    545    365    345    2506    2661    2476    2892    3005    2828    13.21    8.767    11.01    13.35    11.45    12.45    1582    2.267e+04    3.241e+04
0    68    4    4    8    481    340    313    561    377    356    2558    2712    2508    2992    3144    2955    14.26    9.814    12.08    14.51    13.74    15.13    1605    2.302e+04    3.316e+04
0    69    4    4    8    495    342    318    568    380    360    2642    2750    2557    3035    3173    2979    12.85    10    11.67    12.95    13.33    14.17    1614    2.388e+04    3.442e+04
0    70    4    4    8    504    349    322    578    389    366    2688    2823    2607    3090    3251    3039    12.8    10.28    12.02    13.01    13.17    14.22    1705    2.456e+04    3.539e+04
0    71    4    4    8    498    354    326    589    390    371    2666    2831    2619    3157    3265    3080    15.45    9.231    12.13    15.55    13.29    14.97    1772    2.498e+04    3.587e+04
0    72    4    4    8    523    367    337    599    394    373    2802    2966    2728    3208    3296    3101    12.69    6.853    9.651    12.66    10.01    12.03    1817    2.639e+04    3.751e+04
0    73    4    4    8    515    364    336    607    402    381    2774    2951    2734    3270    3401    3195    15.16    9.453    11.81    15.17    13.23    14.43    1770    2.668e+04    3.835e+04
0    74    4    4    8    540    375    347    619    412    390    2914    3049    2826    3341    3484    3273    12.76    8.981    11.03    12.78    12.49    13.66    1854    2.754e+04    3.944e+04
0    75    4    4    8    541    382    349    625    421    397    2906    3098    2843    3359    3527    3298    13.44    9.264    12.09    13.49    12.16    13.8    1964    2.822e+04    4.082e+04
0    76    4    4    8    547    383    354    635    425    402    2947    3094    2867    3422    3582    3362    13.86    9.882    11.94    13.88    13.62    14.72    1981    2.88e+04    4.133e+04
0    77    4    4    8    554    388    358    648    426    405    2998    3139    2902    3509    3600    3393    14.51    8.92    11.6    14.56    12.81    14.47    2051    2.93e+04    4.235e+04
0    78    4    4    8    565    395    364    656    440    415    3056    3211    2963    3550    3720    3485    13.87    10.23    12.29    13.92    13.68    14.98    2110    2.991e+04    4.301e+04
0    79    4    4    8    585    405    375    669    445    420    3172    3332    3087    3630    3794    3538    12.56    8.989    10.71    12.62    12.18    12.75    2118    3.154e+04    4.497e+04
0    80    4    4    8    591    412    379    675    447    422    3215    3393    3122    3671    3809    3567    12.44    7.83    10.19    12.42    10.92    12.48    2168    3.207e+04    4.62e+04
0    81    4    4    8    590    415    382    686    460    435    3203    3363    3103    3734    3903    3651    13.99    9.783    12.18    14.22    13.84    15.01    2239    3.18e+04    4.651e+04
0    82    4    4    8    594    415    384    695    456    434    3237    3408    3161    3786    3903    3689    14.53    8.991    11.52    14.5    12.68    14.31    2236    3.293e+04    4.798e+04
0    83    4    4    8    606    419    391    707    465    443    3316    3457    3228    3874    3983    3760    14.29    9.892    11.74    14.4    13.21    14.15    2386    3.436e+04    4.949e+04
0    84    4    4    8    631    434    400    715    472    447    3451    3608    3330    3919    4039    3786    11.75    8.051    10.51    11.94    10.67    12.04    2417    3.569e+04    5.091e+04
0    85    4    4    8    637    434    404    728    475    450    3491    3587    3338    3993    4063    3824    12.5    8.632    10.22    12.57    11.72    12.71    2514    3.572e+04    5.092e+04
0    86    4    4    8    645    441    407    737    485    461    3545    3665    3386    4056    4174    3918    12.48    9.072    11.71    12.6    12.19    13.58    2481    3.728e+04    5.258e+04
0    87    4    4    8    636    442    411    746    488    467    3492    3655    3394    4102    4210    3974    14.75    9.426    11.99    14.87    13.18    14.59    2568    3.744e+04    5.35e+04
0    88    4    4    8    668    462    425    760    497    472    3682    3862    3550    4195    4288    4026    12.11    7.042    9.958    12.23    9.935    11.82    2680    3.888e+04    5.668e+04
0    89    4    4    8    669    461    423    771    502    473    3688    3851    3529    4257    4344    4065    13.23    8.167    10.57    13.37    11.35    13.19    2623    3.893e+04    5.585e+04
0    90    4    4    8    674    461    426    775    506    481    3714    3836    3542    4277    4343    4093    13.03    8.893    11.43    13.16    11.67    13.46    2787    3.985e+04    5.734e+04
0    91    4    4    8    682    471    433    786    519    490    3783    3938    3625    4365    4525    4227    13.23    9.249    11.63    13.33    12.97    14.24    2807    4.037e+04    5.815e+04
0    92    4    4    8    673    461    429    795    522    495    3741    3837    3571    4419    4546    4252    15.35    11.69    13.33    15.34    15.6    16.02    2943    4.06e+04    5.795e+04
0    93    4    4    8    701    473    438    809    517    495    3897    3957    3659    4501    4478    4239    13.35    8.511    11.52    13.42    11.63    13.68    2991    4.196e+04    5.995e+04
0    94    4    4    8    719    494    456    819    532    506    3998    4148    3824    4563    4612    4338    12.21    7.143    9.881    12.38    10.06    11.85    3030    4.395e+04    6.342e+04
0    95    4    4    8    707    485    451    828    534    509    3936    4067    3775    4621    4661    4389    14.61    9.176    11.39    14.82    12.74    13.99    3046    4.283e+04    6.122e+04
0    96    4    4    8    726    508    468    839    549    523    4050    4277    3926    4685    4824    4532    13.47    7.468    10.52    13.55    11.34    13.37    3087    4.472e+04    6.385e+04
0    97    4    4    8    727    494    460    853    549    522    4054    4150    3844    4763    4798    4504    14.77    10.02    11.88    14.89    13.51    14.65    3137    4.468e+04    6.326e+04
0    98    4    4    8    751    517    476    863    560    532    4206    4367    4013    4838    4906    4614    12.98    7.679    10.53    13.06    10.99    13.03    3208    4.644e+04    6.658e+04
0    99    4    4    8    753    516    479    868    564    537    4215    4396    4068    4865    4944    4656    13.25    8.511    10.8    13.36    11.08    12.63    3344    4.794e+04    6.777e+04
0    100    4    4    8    762    518    481    880    570    542    4272    4394    4066    4934    5015    4714    13.41    9.123    11.25    13.42    12.38    13.75    3433    4.825e+04    6.87e+04
