m    refMin    absMin    inputs    outputs    Size_SH1    Size_SH2    Size_SH3    Size_H1    Size_H2    Size_H3    Total_SH1    Total_SH2    Total_SH3    Total_H1    Total_H2    Total_H3    Impr_SH1    Impr_SH2    Impr_SH3    ImprLength_SH1    ImprLength_SH2    ImprLength_SH3    timeSH1    timeSH2    timeSH3
0    20    4    2    7    35    30    28    39    34    32    217    242    230    244    288    278    10.26    11.76    12.5    11.07    15.97    17.27    3    58    88
0    20    4    3    8    76    59    54    86    66    62    368    411    381    417    476    448    11.63    10.61    12.9    11.75    13.66    14.96    5    86    124
0    20    4    4    8    117    91    82    131    97    91    507    589    543    567    646    611    10.69    6.186    9.89    10.58    8.824    11.13    10    156    212
0    20    4    5    8    156    115    106    171    126    118    631    718    673    692    808    765    8.772    8.73    10.17    8.815    11.14    12.03    13    174    248
0    20    4    6    8    190    144    133    211    156    147    739    870    817    821    969    915    9.953    7.692    9.524    9.988    10.22    10.71    18    251    347
0    20    4    7    8    235    171    159    259    189    177    882    1029    967    971    1173    1108    9.266    9.524    10.17    9.166    12.28    12.73    20    303    415
0    20    4    8    8    275    201    186    302    216    204    1011    1202    1123    1111    1333    1261    8.94    6.944    8.824    9.001    9.827    10.94    22    331    446
0    20    4    9    8    314    223    208    344    245    230    1135    1330    1247    1244    1482    1395    8.721    8.98    9.565    8.762    10.26    10.61    26    384    506
0    20    4    10    8    354    244    230    386    268    254    1262    1471    1391    1376    1653    1568    8.29    8.955    9.449    8.285    11.01    11.29    28    426    570
0    20    4    11    8    400    279    263    432    298    283    1418    1675    1582    1529    1820    1731    7.407    6.376    7.067    7.26    7.967    8.608    33    511    692
0    20    4    12    8    433    306    288    467    328    309    1512    1784    1684    1632    1959    1849    7.281    6.707    6.796    7.353    8.933    8.924    35    557    738
0    20    4    13    8    480    329    308    517    358    338    1660    1938    1848    1791    2139    2033    7.157    8.101    8.876    7.314    9.397    9.1    42    638    837
0    20    4    14    8    511    356    336    556    389    368    1763    2090    1980    1917    2356    2233    8.094    8.483    8.696    8.033    11.29    11.33    39    647    833
0    20    4    15    8    558    396    369    605    428    404    1911    2299    2155    2071    2506    2370    7.769    7.477    8.663    7.726    8.26    9.072    43    727    923
0    20    4    16    8    592    409    384    641    438    418    2000    2366    2227    2167    2599    2469    7.644    6.621    8.134    7.707    8.965    9.802    46    762    1001
0    20    4    17    8    637    438    411    691    478    454    2143    2549    2408    2325    2848    2710    7.815    8.368    9.471    7.828    10.5    11.14    50    843    1073
0    20    4    18    8    665    469    436    720    508    479    2228    2699    2528    2410    2972    2791    7.639    7.677    8.977    7.552    9.186    9.423    50    880    1126
0    20    4    19    8    720    491    460    778    530    501    2392    2841    2683    2583    3126    2955    7.455    7.358    8.184    7.395    9.117    9.205    55    935    1191
0    20    4    20    8    768    521    489    816    555    522    2531    3075    2898    2687    3321    3129    5.882    6.126    6.322    5.806    7.407    7.383    59    1054    1326