m    refMin    absMin    inputs    outputs    Size_SH1    Size_SH2    Size_SH3    Size_H1    Size_H2    Size_H3    Total_SH1    Total_SH2    Total_SH3    Total_H1    Total_H2    Total_H3    Impr_SH1    Impr_SH2    Impr_SH3    ImprLength_SH1    ImprLength_SH2    ImprLength_SH3    timeSH1    timeSH2    timeSH3
0    100    2    4    8    398    371    361    774    520    483    2327    2792    2698    4632    4693    4365    48.58    28.65    25.26    49.76    40.51    38.19    2883    19910    28100
0    100    5    4    8    529    391    376    832    553    524    3111    3153    3030    4959    4896    4604    36.42    29.29    28.24    37.27    35.6    34.19    2964    23710    34220
0    100    10    4    8    598    437    406    845    561    531    3562    3722    3438    5089    5013    4710    29.23    22.1    23.54    30.01    25.75    27.01    2977    27420    39010
0    100    15    4    8    692    489    448    834    572    535    4425    4536    4166    5393    5337    4957    17.03    14.51    16.26    17.95    15.01    15.96    3191    43800    62650
0    100    20    4    8    721    496    456    847    561    529    4640    4695    4314    5502    5315    4975    14.88    11.59    13.8    15.67    11.67    13.29    3163    47970    68540
0    100    30    4    8    761    513    473    862    575    535    4893    4854    4460    5577    5401    4996    11.72    10.78    11.59    12.26    10.13    10.73    3230    51880    74400
0    100    40    4    8    795    527    486    876    556    520    4870    4848    4476    5381    5211    4835    9.247    5.216    6.538    9.496    6.966    7.425    3202    55090    78630
0    100    50    4    8    818    534    492    882    545    511    4961    4863    4477    5355    5045    4722    7.256    2.018    3.718    7.358    3.608    5.188    3276    58640    82360
0    100    60    4    8    831    532    494    880    549    512    5009    4871    4511    5307    5065    4706    5.568    3.097    3.516    5.615    3.83    4.144    3344    59260    85420
0    100    70    4    8    850    544    507    888    558    526    5111    4974    4601    5343    5135    4781    4.279    2.509    3.612    4.342    3.135    3.765    3350    61320    88030
0    100    80    4    8    863    543    518    884    571    546    4914    4758    4492    5033    4967    4691    2.376    4.904    5.128    2.364    4.208    4.242    3539    61640    89120
0    100    90    4    8    882    554    526    884    563    536    4990    4875    4579    5000    4918    4641    0.2262    1.599    1.866    0.2    0.8743    1.336    3566    63310    90770