m    refMin    absMin    inputs    outputs    Size_SH1    Size_SH2    Size_SH3    Size_H1    Size_H2    Size_H3    Total_SH1    Total_SH2    Total_SH3    Total_H1    Total_H2    Total_H3    Impr_SH1    Impr_SH2    Impr_SH3    ImprLength_SH1    ImprLength_SH2    ImprLength_SH3    timeSH1    timeSH2    timeSH3
0    100    2    4    8    603    462    418    889    584    556    3391    3700    3365    5023    5257    4920    32.17    20.89    24.82    32.49    29.62    31.61    3024    31330    44980
0    100    4    4    8    752    513    477    880    577    546    4217    4338    4018    4936    5072    4742    14.55    11.09    12.64    14.57    14.47    15.27    3336    47480    68380
0    100    6    4    8    791    521    490    871    564    540    4431    4451    4162    4887    4919    4646    9.185    7.624    9.259    9.331    9.514    10.42    3488    52500    75450
0    100    8    4    8    824    539    508    878    566    538    4628    4648    4339    4930    4940    4644    6.15    4.77    5.576    6.126    5.911    6.568    3496    55890    80560
0    100    10    4    8    841    541    510    880    562    535    4742    4710    4401    4966    4924    4636    4.432    3.737    4.673    4.511    4.346    5.069    3469    57500    83840
0    100    12    4    8    847    544    513    877    563    535    4756    4725    4414    4928    4912    4625    3.421    3.375    4.112    3.49    3.807    4.562    3517    58660    85140
0    100    14    4    8    854    545    517    877    563    539    4804    4739    4443    4929    4890    4618    2.623    3.197    4.082    2.536    3.088    3.79    3451    59240    85580
0    100    16    4    8    859    549    521    879    565    540    4815    4762    4472    4927    4911    4638    2.275    2.832    3.519    2.273    3.034    3.579    3544    59780    86130
0    100    18    4    8    858    551    518    874    563    534    4822    4804    4478    4912    4903    4607    1.831    2.131    2.996    1.832    2.019    2.8    3538    60790    87580
0    100    20    4    8    864    552    520    878    564    536    4849    4784    4463    4925    4879    4585    1.595    2.128    2.985    1.543    1.947    2.661    3522    60830    88150
0    100    25    4    8    869    553    527    880    567    541    4886    4837    4539    4950    4946    4648    1.25    2.469    2.588    1.293    2.204    2.345    3563    61820    88730
0    100    30    4    8    875    553    526    883    565    539    4920    4854    4563    4965    4936    4655    0.906    2.124    2.412    0.9063    1.661    1.976    3483    62100    89310