m    refMin    absMin    inputs    outputs    Size_SH1    Size_SH2    Size_SH3    Size_H1    Size_H2    Size_H3    Total_SH1    Total_SH2    Total_SH3    Total_H1    Total_H2    Total_H3    Impr_SH1    Impr_SH2    Impr_SH3    ImprLength_SH1    ImprLength_SH2    ImprLength_SH3    timeSH1    timeSH2    timeSH3
0    20    4    2    8    36    25    24    39    30    26    230    220    213    254    262    238    7.692    16.67    7.692    9.449    16.03    10.5    3    56    93
0    20    4    3    8    60    49    47    78    67    61    304    342    328    398    489    448    23.08    26.87    22.95    23.62    30.06    26.79    5    83    121
0    20    4    4    8    96    77    73    122    92    84    425    491    468    542    619    575    21.31    16.3    13.1    21.59    20.68    18.61    8    101    147
0    20    4    5    8    125    106    100    161    116    109    522    634    603    671    761    717    22.36    8.621    8.257    22.21    16.69    15.9    11    130    180
0    20    4    6    8    161    141    133    208    151    140    635    799    752    819    948    889    22.6    6.623    5    22.47    15.72    15.41    15    180    247
0    20    4    7    8    190    171    158    251    176    165    724    945    877    955    1109    1050    24.3    2.841    4.242    24.19    14.79    16.48    16    187    252
0    20    4    8    8    216    204    186    294    214    200    805    1088    986    1092    1308    1218    26.53    4.673    7    26.28    16.82    19.05    19    204    266
0    20    4    9    8    240    220    205    332    242    228    881    1144    1060    1214    1434    1341    27.71    9.091    10.09    27.43    20.22    20.95    23    235    324
0    20    4    10    8    268    251    231    379    261    247    960    1307    1191    1355    1594    1501    29.29    3.831    6.478    29.15    18.01    20.65    26    263    341
0    20    4    11    8    299    278    256    427    288    275    1063    1424    1301    1517    1741    1664    29.98    3.472    6.909    29.93    18.21    21.81    27    285    376
0    20    4    12    8    319    305    274    459    328    308    1119    1528    1373    1611    1942    1814    30.5    7.012    11.04    30.54    21.32    24.31    29    278    376
0    20    4    13    8    346    329    302    509    352    334    1204    1649    1507    1764    2113    1986    32.02    6.534    9.581    31.75    21.96    24.12    34    325    420
0    20    4    14    8    366    361    325    543    378    359    1263    1782    1600    1871    2264    2128    32.6    4.497    9.471    32.5    21.29    24.81    35    336    446
0    20    4    15    8    410    384    351    592    409    384    1411    1912    1727    2031    2424    2274    30.74    6.112    8.594    30.53    21.12    24.05    35    343    449
0    20    4    16    8    431    415    372    632    430    409    1472    2034    1820    2153    2532    2394    31.8    3.488    9.046    31.63    19.67    23.98    39    363    477
0    20    4    17    8    454    433    392    681    451    430    1535    2134    1930    2298    2696    2560    33.33    3.991    8.837    33.2    20.85    24.61    42    399    525
0    20    4    18    8    472    460    417    724    496    475    1583    2260    2045    2427    2909    2751    34.81    7.258    12.21    34.78    22.31    25.66    42    389    517
0    20    4    19    8    518    491    444    771    514    489    1731    2424    2181    2573    3038    2884    32.81    4.475    9.202    32.72    20.21    24.38    45    433    558
0    20    4    20    8    538    493    450    813    554    525    1786    2424    2211    2698    3219    3047    33.83    11.01    14.29    33.8    24.7    27.44    47    427    541